1|101|601|200201|201107
1|101|2601|201108|201204
1|102|602|200201|201107
1|102|2602|201108|201204
1|103|601|200201|201204
1|104|602|200201|201204
1|105|603|200201|201107
1|105|2603|201108|201204
1|106|604|200201|201107
1|106|2604|201108|201204
1|107|603|200201|201204
1|108|604|200201|201204
1|109|605|200201|201107
1|109|2605|201108|201204
1|110|606|200201|201107
1|110|2606|201108|201204
1|111|605|200201|201204
1|112|606|200201|201204
1|113|607|200201|201204
1|114|608|200201|201204
1|115|607|200201|201107
1|115|2607|201108|201204
1|116|608|200201|201107
1|116|2608|201108|201204
1|125|611|200201|201107
1|125|2611|201108|201204
1|126|612|200201|201107
1|126|2612|201108|201204
1|127|611|200201|201204
1|128|612|200201|201204
1|129|613|200201|201107
1|129|2613|201108|201204
1|130|613|200201|201107
1|130|2613|201108|201204
1|131|613|200201|201204
1|132|613|200201|201204
1|1401|669|200404|201107
1|1401|2669|201108|201204
1|1404|672|200404|201204
1|1407|674|200404|201107
1|1408|675|200404|201204
1|1413|669|200404|201107
1|1413|2669|201108|201204
1|1416|668|200404|201107
1|1416|2668|201108|201204
1|1417|669|200404|201107
1|1417|2669|201108|201204
1|1422|668|200404|201107
1|1422|2668|201108|201204
1|1474|603|200404|201107
1|1474|2603|201108|201204
1|1475|604|200404|201107
1|1475|2604|201108|201204
1|154|158|200201|999912
1|401|669|200201|201204
1|404|672|200201|201204
1|407|674|200201|201204
1|408|675|200201|201204
1|413|669|200201|201204
1|416|668|200201|201204
1|417|669|200201|201204
1|422|668|200201|201204
1|428|678|200201|201107
1|428|2678|201108|201204
1|435|654|200201|201107
1|435|2654|201108|201204
1|446|658|200201|201107
1|446|2658|201108|201204
1|456|662|200201|201204
1|461|603|200201|201107
1|461|2603|201108|201204
1|465|666|200201|201204
1|474|603|200201|201204
1|475|604|200201|201204
1|480|603|200201|201107
1|480|2603|201108|201204
1|481|604|200201|201107
1|481|2604|201108|201204
1|781|801|200201|201107
1|781|2801|201108|201204
1|822|824|200201|201107
1|822|822|201108|201204
2|101|969|200201|201107
2|101|2969|201108|201204
2|102|970|200201|201107
2|102|2970|201108|201204
2|103|969|200201|201204
2|104|970|200201|201204
2|105|609|200201|201107
2|105|2609|201108|201204
2|106|610|200201|201107
2|106|2610|201108|201204
2|107|609|200201|201204
2|108|610|200201|201204
2|109|605|200201|201107
2|109|2605|201108|201204
2|110|606|200201|201107
2|110|2606|201108|201204
2|111|605|200201|201204
2|112|606|200201|201204
2|113|607|200201|201204
2|114|608|200201|201204
2|115|607|200201|201107
2|115|2607|201108|201204
2|116|608|200201|201107
2|116|2608|201108|201204
2|125|131|200201|201107
2|125|129|201108|201204
2|126|132|200201|201107
2|126|130|201108|201204
2|127|131|200201|201204
2|128|132|200201|201204
2|129|131|200201|201107
2|129|129|201108|201204
2|130|132|200201|201107
2|130|130|201108|201204
2|131|131|200201|201204
2|132|132|200201|201204
2|1401|671|200404|201107
2|1404|673|200404|201204
2|1407|676|200404|201107
2|1408|677|200404|201204
2|1413|671|200404|201107
2|1416|670|200404|201107
2|1416|2670|201108|201204
2|1417|671|200404|201107
2|1422|670|200404|201107
2|1422|2670|201108|201204
2|1474|609|200404|201107
2|1474|2609|201108|201204
2|1475|610|200404|201107
2|1475|2610|201108|201204
2|401|671|200201|201204
2|404|673|200201|201204
2|407|676|200201|201204
2|408|677|200201|201204
2|413|671|200201|201204
2|416|670|200201|201204
2|417|671|200201|201204
2|422|670|200201|201204
2|428|775|200201|201107
2|428|2679|201108|201204
2|435|655|200201|201107
2|446|659|200201|201107
2|446|2659|201108|201204
2|456|663|200201|201204
2|461|609|200201|201107
2|461|2609|201108|201204
2|465|667|200201|201204
2|474|609|200201|201204
2|475|610|200201|201204
2|480|609|200201|201107
2|480|2609|201108|201204
2|481|610|200201|201107
2|481|2610|201108|201204
2|781|803|200201|201107
2|822|828|200201|201107
3|101|614|200201|201107
3|101|2614|201108|201204
3|102|615|200201|201107
3|102|2615|201108|201204
3|103|614|200201|201204
3|104|615|200201|201204
3|105|616|200201|201107
3|105|2616|201108|201204
3|106|617|200201|201107
3|106|2617|201108|201204
3|107|616|200201|201204
3|108|617|200201|201204
3|109|626|200201|201107
3|109|2626|201108|201204
3|110|627|200201|201107
3|111|626|200201|201204
3|112|627|200201|201204
3|113|628|200201|201204
3|114|629|200201|201204
3|115|628|200201|201107
3|116|629|200201|201107
3|125|630|200201|201107
3|126|631|200201|201107
3|127|630|200201|201204
3|128|631|200201|201204
3|129|632|200201|201107
3|129|2632|201108|201204
3|130|633|200201|201107
3|131|632|200201|201204
3|132|633|200201|201204
3|1401|688|200404|201107
3|1404|692|200404|201204
3|1407|693|200404|201107
3|1407|2693|201108|201204
3|1408|694|200404|201204
3|1413|688|200404|201107
3|1416|687|200404|201107
3|1417|688|200404|201107
3|1422|687|200404|201107
3|1474|636|200404|201107
3|1475|637|200404|201107
3|401|688|200201|201204
3|404|692|200201|201204
3|407|693|200201|201204
3|408|694|200201|201204
3|413|688|200201|201204
3|416|687|200201|201204
3|417|688|200201|201204
3|422|687|200201|201204
3|428|685|200201|201107
3|435|656|200201|201107
3|446|660|200201|201107
3|456|662|200201|201204
3|461|616|200201|201107
3|461|2616|201108|201204
3|465|682|200201|201204
3|474|636|200201|201204
3|475|637|200201|201204
3|480|616|200201|201107
3|480|2616|201108|201204
3|481|617|200201|201107
3|481|2617|201108|201204
3|781|805|200201|201107
3|822|851|200201|201107
4|101|618|200201|201107
4|101|2618|201108|201204
4|102|619|200201|201107
4|102|2619|201108|201204
4|103|618|200201|201204
4|104|619|200201|201204
4|105|620|200201|201107
4|105|2620|201108|201204
4|106|621|200201|201107
4|106|2621|201108|201204
4|107|620|200201|201204
4|108|621|200201|201204
4|109|626|200201|201107
4|109|2626|201108|201204
4|110|627|200201|201107
4|111|626|200201|201204
4|112|627|200201|201204
4|113|628|200201|201204
4|114|629|200201|201204
4|115|628|200201|201107
4|116|629|200201|201107
4|125|632|200201|201107
4|125|2632|201108|201204
4|126|633|200201|201107
4|127|632|200201|201204
4|128|633|200201|201204
4|129|632|200201|201107
4|129|2632|201108|201204
4|130|633|200201|201107
4|131|632|200201|201204
4|132|633|200201|201204
4|1401|690|200404|201107
4|1401|2690|201108|201204
4|1404|696|200404|201204
4|1407|695|200404|201107
4|1408|696|200404|201204
4|1413|690|200404|201107
4|1413|2690|201108|201204
4|1416|689|200404|201107
4|1416|2689|201108|201204
4|1417|690|200404|201107
4|1417|2690|201108|201204
4|1422|689|200404|201107
4|1422|2689|201108|201204
4|1474|640|200404|201107
4|1474|2640|201108|201204
4|1475|641|200404|201107
4|401|690|200201|201204
4|404|696|200201|201204
4|407|695|200201|201204
4|408|696|200201|201204
4|413|690|200201|201204
4|416|689|200201|201204
4|417|690|200201|201204
4|422|689|200201|201204
4|428|684|200201|201107
4|428|2684|201108|201204
4|435|657|200201|201107
4|446|661|200201|201107
4|446|2661|201108|201204
4|456|664|200201|201204
4|461|640|200201|201107
4|461|2640|201108|201204
4|465|667|200201|201204
4|474|640|200201|201204
4|475|641|200201|201204
4|480|620|200201|201107
4|480|2620|201108|201204
4|481|621|200201|201107
4|481|2621|201108|201204
4|781|806|200201|201107
4|822|852|200201|201107
5|101|725|200201|201107
5|101|2725|201108|201204
5|102|726|200201|201107
5|103|725|200201|201204
5|104|726|200201|201204
5|105|729|200201|201107
5|105|2729|201108|201204
5|106|730|200201|201107
5|106|2730|201108|201204
5|107|729|200201|201204
5|108|730|200201|201204
5|109|733|200201|201107
5|109|2733|201108|201204
5|110|734|200201|201107
5|111|733|200201|201204
5|112|734|200201|201204
5|113|735|200201|201204
5|114|736|200201|201204
5|115|735|200201|201107
5|116|736|200201|201107
5|125|650|200201|201107
5|126|651|200201|201107
5|127|650|200201|201204
5|128|651|200201|201204
5|129|632|200201|201107
5|129|2632|201108|201204
5|130|633|200201|201107
5|131|632|200201|201204
5|132|633|200201|201204
5|1401|740|200404|201107
5|1401|2740|201108|201204
5|1404|746|200404|201204
5|1407|743|200404|201107
5|1408|744|200404|201204
5|1413|740|200404|201107
5|1413|2740|201108|201204
5|1416|739|200404|201107
5|1417|740|200404|201107
5|1417|2740|201108|201204
5|1422|739|200404|201107
5|1474|729|200404|201107
5|1474|2729|201108|201204
5|1475|728|200404|201107
5|1475|2728|201108|201204
5|401|740|200201|201204
5|404|746|200201|201204
5|407|743|200201|201204
5|408|744|200201|201204
5|413|740|200201|201204
5|416|739|200201|201204
5|417|740|200201|201204
5|422|739|200201|201204
5|428|737|200201|201107
5|435|748|200201|201107
5|446|750|200201|201107
5|456|752|200201|201204
5|461|741|200201|201107
5|461|2741|201108|201204
5|465|754|200201|201204
5|474|729|200201|201204
5|475|728|200201|201204
5|480|729|200201|201107
5|480|2729|201108|201204
5|481|730|200201|201107
5|481|2730|201108|201204
5|781|816|200201|201107
5|822|853|200201|201107
6|101|727|200201|201107
6|101|2727|201108|201204
6|102|728|200201|201107
6|102|2728|201108|201204
6|103|727|200201|201204
6|104|728|200201|201204
6|105|731|200201|201107
6|105|2731|201108|201204
6|106|732|200201|201107
6|106|2732|201108|201204
6|107|731|200201|201204
6|108|732|200201|201204
6|109|733|200201|201107
6|109|2733|201108|201204
6|110|734|200201|201107
6|111|733|200201|201204
6|112|734|200201|201204
6|113|735|200201|201204
6|114|736|200201|201204
6|115|735|200201|201107
6|116|736|200201|201107
6|125|632|200201|201107
6|126|633|200201|201107
6|127|632|200201|201204
6|128|633|200201|201204
6|129|632|200201|201107
6|129|2632|201108|201204
6|130|633|200201|201107
6|131|632|200201|201204
6|132|633|200201|201204
6|1401|742|200404|201107
6|1401|2742|201108|201204
6|1404|747|200404|201204
6|1407|745|200404|201107
6|1408|745|200404|201204
6|1413|742|200404|201107
6|1413|2742|201108|201204
6|1416|741|200404|201107
6|1416|2741|201108|201204
6|1417|742|200404|201107
6|1417|2742|201108|201204
6|1422|741|200404|201107
6|1422|2741|201108|201204
6|1474|731|200404|201107
6|1474|2731|201108|201204
6|1475|732|200404|201107
6|1475|2732|201108|201204
6|401|742|200201|201204
6|404|747|200201|201204
6|407|745|200201|201204
6|408|745|200201|201204
6|413|742|200201|201204
6|416|741|200201|201204
6|417|742|200201|201204
6|422|741|200201|201204
6|428|738|200201|201107
6|428|2738|201108|201204
6|435|749|200201|201107
6|446|751|200201|201107
6|456|753|200201|201204
6|461|731|200201|201107
6|461|2731|201108|201204
6|465|755|200201|201204
6|474|731|200201|201204
6|475|732|200201|201204
6|480|731|200201|201107
6|480|2731|201108|201204
6|481|732|200201|201107
6|481|2732|201108|201204
6|781|817|200201|201107
6|781|2817|201108|201204
6|822|854|200201|201107
6|822|2854|201108|201204
7|101|117|200201|999912
7|102|118|200201|999912
7|103|123|200201|999912
7|104|124|200201|999912
7|105|119|200201|999912
7|106|120|200201|999912
7|107|121|200201|999912
7|108|122|200201|999912
7|109|109|200201|999912
7|110|110|200201|999912
7|111|111|200201|999912
7|112|112|200201|999912
7|113|113|200201|999912
7|114|114|200201|999912
7|115|115|200201|999912
7|116|116|200201|999912
7|125|129|200201|999912
7|126|130|200201|999912
7|127|131|200201|999912
7|128|132|200201|999912
7|129|129|200201|999912
7|130|130|200201|999912
7|131|131|200201|999912
7|132|132|200201|999912
7|1401|1403|200404|999912
7|1404|1406|200404|999912
7|1407|1411|200404|999912
7|1408|1412|200404|999912
7|1413|1415|200404|999912
7|1416|1420|200404|999912
7|1417|1421|200404|999912
7|1422|1426|200404|999912
7|1474|1478|200404|999912
7|1475|1479|200404|999912
7|401|403|200201|999912
7|404|406|200201|999912
7|407|411|200201|999912
7|408|412|200201|999912
7|413|415|200201|999912
7|416|420|200201|999912
7|417|421|200201|999912
7|422|420|200201|999912
7|428|430|200201|999912
7|435|439|200201|999912
7|446|447|200201|999912
7|456|460|200201|999912
7|461|463|200201|999912
7|465|469|200201|999912
7|474|478|200201|999912
7|475|479|200201|999912
7|480|484|200201|999912
7|481|485|200201|999912
7|781|782|200201|999912
7|822|826|200201|999912
8|101|154|200201|999912
8|102|155|200201|999912
8|103|158|200201|999912
8|104|159|200201|999912
8|105|156|200201|999912
8|106|157|200201|999912
8|107|160|200201|999912
8|108|161|200201|999912
8|109|162|200201|999912
8|110|163|200201|999912
8|111|152|200201|999912
8|112|152|200201|999912
8|113|166|200201|999912
8|114|167|200201|999912
8|115|164|200201|999912
8|116|165|200201|999912
8|125|136|200201|999912
8|126|137|200201|999912
8|127|138|200201|999912
8|128|139|200201|999912
8|129|172|200201|999912
8|130|172|200201|999912
8|131|171|200201|999912
8|132|171|200201|999912
8|456|453|200201|999912
8|461|156|200201|999912
8|465|1465|200201|999912
8|481|1495|200201|999912
9|101|103|200201|999912
9|102|104|200201|999912
9|103|103|200201|999912
9|104|104|200201|999912
9|105|107|200201|999912
9|106|108|200201|999912
9|107|107|200201|999912
9|108|108|200201|999912
9|109|111|200201|999912
9|110|112|200201|999912
9|111|111|200201|999912
9|112|112|200201|999912
9|113|113|200201|999912
9|114|114|200201|999912
9|115|113|200201|999912
9|116|114|200201|999912
9|125|127|200201|999912
9|126|128|200201|999912
9|127|127|200201|999912
9|128|128|200201|999912
9|129|131|200201|999912
9|130|132|200201|999912
9|131|131|200201|999912
9|132|132|200201|999912
9|1401|401|200404|999912
9|1404|404|200404|999912
9|1407|407|200404|999912
9|1408|408|200404|999912
9|1413|413|200404|999912
9|1416|416|200404|999912
9|1417|417|200404|999912
9|1422|422|200404|999912
9|1474|474|200404|999912
9|1475|475|200404|999912
9|401|401|200201|999912
9|404|404|200201|999912
9|407|407|200201|999912
9|408|408|200201|999912
9|413|413|200201|999912
9|416|416|200201|999912
9|417|417|200201|999912
9|422|422|200201|999912
9|428|430|200201|999912
9|435|441|200201|999912
9|446|449|200201|999912
9|456|454|200201|999912
9|461|474|200201|999912
9|465|473|200201|999912
9|474|474|200201|999912
9|475|475|200201|999912
9|480|474|200201|999912
9|481|475|200201|999912
9|822|824|200201|999912
10|101|101|200201|999912
10|102|102|200201|999912
10|103|101|200201|999912
10|104|102|200201|999912
10|105|105|200201|999912
10|106|106|200201|999912
10|107|105|200201|999912
10|108|106|200201|999912
10|109|109|200201|999912
10|110|110|200201|999912
10|111|109|200201|999912
10|112|110|200201|999912
10|113|115|200201|999912
10|114|116|200201|999912
10|115|115|200201|999912
10|116|116|200201|999912
10|125|125|200201|999912
10|126|126|200201|999912
10|127|125|200201|999912
10|128|126|200201|999912
10|129|129|200201|999912
10|130|130|200201|999912
10|131|129|200201|999912
10|132|130|200201|999912
10|446|446|200201|999912
10|456|456|200201|999912
10|461|461|200201|999912
10|465|465|200201|999912
10|781|781|200201|999912
11|101|129|200201|999912
11|102|130|200201|999912
11|103|131|200201|999912
11|104|132|200201|999912
11|105|129|200201|999912
11|106|130|200201|999912
11|107|131|200201|999912
11|108|132|200201|999912
11|109|133|200201|999912
11|110|133|200201|999912
11|111|135|200201|999912
11|112|135|200201|999912
11|113|135|200201|999912
11|114|135|200201|999912
11|115|133|200201|999912
11|116|133|200201|999912
11|125|129|200201|999912
11|126|130|200201|999912
11|127|131|200201|999912
11|128|132|200201|999912
11|129|129|200201|999912
11|130|130|200201|999912
11|131|131|200201|999912
11|132|132|200201|999912
11|1474|131|200404|999912
11|1475|487|200404|999912
11|401|132|200201|999912
11|404|132|200201|999912
11|407|131|200201|999912
11|408|132|200201|999912
11|413|132|200201|999912
11|416|131|200201|999912
11|417|132|200201|999912
11|422|131|200201|999912
11|428|487|200201|999912
11|446|129|200201|999912
11|461|486|200201|999912
11|465|471|200201|999912
11|474|131|200201|999912
11|475|132|200201|999912
11|480|486|200201|999912
11|481|487|200201|999912
11|781|786|200201|999912
11|822|953|200201|999912
12|101|123|200201|999912
12|102|124|200201|999912
12|103|123|200201|999912
12|104|124|200201|999912
12|105|121|200201|999912
12|106|122|200201|999912
12|107|121|200201|999912
12|108|122|200201|999912
12|109|111|200201|999912
12|110|112|200201|999912
12|111|111|200201|999912
12|112|112|200201|999912
12|113|113|200201|999912
12|114|114|200201|999912
12|115|113|200201|999912
12|116|114|200201|999912
12|125|131|200201|999912
12|126|132|200201|999912
12|127|131|200201|999912
12|128|132|200201|999912
12|129|131|200201|999912
12|130|132|200201|999912
12|131|131|200201|999912
12|132|132|200201|999912
12|1401|403|200404|999912
12|1404|406|200404|999912
12|1407|411|200404|999912
12|1408|412|200404|999912
12|1413|415|200404|999912
12|1416|420|200404|999912
12|1417|421|200404|999912
12|1422|420|200404|999912
12|1474|478|200404|999912
12|1475|479|200404|999912
12|401|403|200201|999912
12|404|406|200201|999912
12|407|411|200201|999912
12|408|412|200201|999912
12|413|415|200201|999912
12|416|420|200201|999912
12|417|421|200201|999912
12|422|420|200201|999912
12|428|433|200201|999912
12|435|445|200201|999912
12|446|450|200201|999912
12|456|451|200201|999912
12|461|478|200201|999912
12|465|472|200201|999912
12|474|478|200201|999912
12|475|479|200201|999912
12|480|478|200201|999912
12|481|479|200201|999912
12|822|828|200201|999912
13|101|109|200201|999912
13|102|110|200201|999912
13|103|111|200201|999912
13|104|112|200201|999912
13|105|115|200201|999912
13|106|116|200201|999912
13|107|113|200201|999912
13|108|114|200201|999912
13|109|109|200201|999912
13|110|110|200201|999912
13|111|111|200201|999912
13|112|112|200201|999912
13|113|113|200201|999912
13|114|114|200201|999912
13|115|115|200201|999912
13|116|116|200201|999912
13|125|133|200201|999912
13|126|133|200201|999912
13|127|135|200201|999912
13|128|135|200201|999912
13|129|133|200201|999912
13|130|133|200201|999912
13|131|135|200201|999912
13|132|135|200201|999912
13|1404|1405|200404|999912
13|1407|1409|200404|999912
13|1408|1410|200404|999912
13|1413|1414|200404|999912
13|1416|1418|200404|999912
13|1417|1419|200404|999912
13|1422|1424|200404|999912
13|1474|1476|200404|999912
13|1475|1477|200404|999912
13|401|402|200201|999912
13|404|405|200201|999912
13|407|409|200201|999912
13|408|410|200201|999912
13|413|414|200201|999912
13|416|418|200201|999912
13|417|419|200201|999912
13|422|418|200201|999912
13|428|429|200201|999912
13|435|437|200201|999912
13|446|447|200201|999912
13|456|458|200201|999912
13|461|462|200201|999912
13|465|467|200201|999912
13|474|476|200201|999912
13|475|477|200201|999912
13|480|482|200201|999912
13|481|483|200201|999912
13|781|783|200201|999912
13|822|830|200201|999912
14|101|210|200201|999912
14|102|210|200201|999912
14|103|210|200201|999912
14|104|210|200201|999912
14|105|210|200201|999912
14|106|210|200201|999912
14|107|210|200201|999912
14|108|210|200201|999912
14|109|210|200201|999912
14|110|210|200201|999912
14|111|210|200201|999912
14|112|210|200201|999912
14|113|210|200201|999912
14|114|210|200201|999912
14|115|210|200201|999912
14|116|210|200201|999912
14|125|210|200201|999912
14|126|210|200201|999912
14|127|210|200201|999912
14|128|210|200201|999912
14|129|210|200201|999912
14|130|210|200201|999912
14|131|210|200201|999912
14|132|210|200201|999912
14|1474|210|200201|999912
14|474|210|200201|999912
15|101|154|200201|999912
15|102|155|200201|999912
15|103|158|200201|999912
15|104|159|200201|999912
15|105|156|200201|999912
15|106|157|200201|999912
15|107|160|200201|999912
15|108|161|200201|999912
15|109|162|200201|999912
15|110|163|200201|999912
15|111|152|200201|999912
15|112|152|200201|999912
15|113|166|200201|999912
15|114|167|200201|999912
15|115|164|200201|999912
15|116|165|200201|999912
15|125|136|200201|999912
15|126|137|200201|999912
15|127|138|200201|999912
15|128|139|200201|999912
15|129|172|200201|999912
15|130|172|200201|999912
15|131|171|200201|999912
15|132|171|200201|999912
15|1401|1490|200404|999912
15|1407|1492|200404|999912
15|1408|1493|200404|999912
15|1474|1494|200404|999912
15|1475|1495|200404|999912
15|401|490|200201|999912
15|407|492|200201|999912
15|408|493|200201|999912
15|474|494|200201|999912
15|475|495|200201|999912
15|481|1495|200201|999912
15|822|848|200201|999912
16|101|218|200201|999912
16|102|219|200201|999912
16|103|216|200201|999912
16|104|217|200201|999912
16|105|222|200201|999912
16|106|223|200201|999912
16|107|220|200201|999912
16|108|221|200201|999912
16|1474|222|200201|999912
16|474|222|200201|999912
17|101|701|200201|999912
17|102|702|200201|999912
17|103|697|200201|999912
17|104|698|200201|999912
17|105|703|200201|999912
17|106|704|200201|999912
17|107|699|200201|999912
17|108|700|200201|999912
18|101|131|200201|999912
18|102|132|200201|999912
18|103|131|200201|999912
18|104|132|200201|999912
18|105|131|200201|999912
18|106|132|200201|999912
18|107|131|200201|999912
18|108|132|200201|999912
18|109|135|200201|999912
18|110|135|200201|999912
18|111|135|200201|999912
18|112|135|200201|999912
18|113|135|200201|999912
18|114|135|200201|999912
18|115|135|200201|999912
18|116|135|200201|999912
18|125|131|200201|999912
18|126|132|200201|999912
18|127|131|200201|999912
18|128|132|200201|999912
18|129|131|200201|999912
18|130|132|200201|999912
18|1474|131|200404|999912
18|1475|132|200404|999912
18|401|132|200201|999912
18|404|132|200201|999912
18|407|131|200201|999912
18|408|132|200201|999912
18|413|132|200201|999912
18|416|131|200201|999912
18|417|132|200201|999912
18|422|131|200201|999912
18|428|132|200201|999912
18|435|132|200201|999912
18|446|131|200201|999912
18|461|131|200201|999912
18|465|132|200201|999912
18|474|131|200201|999912
18|475|132|200201|999912
18|480|131|200201|999912
18|781|797|200201|999912
18|822|951|200201|999912
19|101|135|200201|999912
19|102|135|200201|999912
19|103|135|200201|999912
19|104|135|200201|999912
19|105|135|200201|999912
19|106|135|200201|999912
19|107|135|200201|999912
19|108|135|200201|999912
19|109|135|200201|999912
19|110|135|200201|999912
19|111|135|200201|999912
19|112|135|200201|999912
19|113|135|200201|999912
19|114|135|200201|999912
19|115|135|200201|999912
19|116|135|200201|999912
19|125|135|200201|999912
19|126|135|200201|999912
19|127|135|200201|999912
19|128|135|200201|999912
19|129|135|200201|999912
19|130|135|200201|999912
19|131|135|200201|999912
19|132|135|200201|999912
19|1401|135|200404|999912
19|1404|135|200404|999912
19|1407|135|200404|999912
19|1408|135|200404|999912
19|1413|135|200404|999912
19|1416|135|200404|999912
19|1417|135|200404|999912
19|1422|135|200404|999912
19|1474|135|200404|999912
19|1475|135|200404|999912
19|401|135|200201|999912
19|404|135|200201|999912
19|407|135|200201|999912
19|408|135|200201|999912
19|413|135|200201|999912
19|416|135|200201|999912
19|417|135|200201|999912
19|422|135|200201|999912
19|428|135|200201|999912
19|435|135|200201|999912
19|446|135|200201|999912
19|456|135|200201|999912
19|461|135|200201|999912
19|465|135|200201|999912
19|474|135|200201|999912
19|475|135|200201|999912
19|781|787|200201|999912
19|822|135|200201|999912
20|101|105|200201|999912
20|102|106|200201|999912
20|103|107|200201|999912
20|104|108|200201|999912
20|109|115|200201|999912
20|110|116|200201|999912
20|111|113|200201|999912
20|112|114|200201|999912
21|101|101|200201|999912
21|102|102|200201|999912
21|103|103|200201|999912
21|104|104|200201|999912
21|105|101|200201|999912
21|106|102|200201|999912
21|107|103|200201|999912
21|108|104|200201|999912
21|109|109|200201|999912
21|110|110|200201|999912
21|111|111|200201|999912
21|112|112|200201|999912
21|113|111|200201|999912
21|114|112|200201|999912
21|115|109|200201|999912
21|116|110|200201|999912
21|125|125|200201|999912
21|126|126|200201|999912
21|127|127|200201|999912
21|128|128|200201|999912
21|129|129|200201|999912
21|130|130|200201|999912
21|131|131|200201|999912
21|132|132|200201|999912
21|1401|102|200404|999912
21|1404|102|200404|999912
21|1407|101|200404|999912
21|1408|102|200404|999912
21|1413|102|200404|999912
21|1416|101|200404|999912
21|1417|102|200404|999912
21|1422|101|200404|999912
21|1474|101|200404|999912
21|1475|102|200404|999912
21|401|104|200201|999912
21|404|104|200201|999912
21|407|103|200201|999912
21|408|104|200201|999912
21|413|104|200201|999912
21|416|103|200201|999912
21|417|104|200201|999912
21|422|103|200201|999912
21|428|104|200201|999912
21|435|104|200201|999912
21|446|101|200201|999912
21|456|102|200201|999912
21|461|101|200201|999912
21|465|102|200201|999912
21|474|103|200201|999912
21|475|104|200201|999912
21|781|102|200201|999912
22|101|111|200201|999912
22|102|112|200201|999912
22|103|111|200201|999912
22|104|112|200201|999912
22|105|113|200201|999912
22|106|114|200201|999912
22|107|113|200201|999912
22|108|114|200201|999912
22|109|111|200201|999912
22|110|112|200201|999912
22|111|111|200201|999912
22|112|112|200201|999912
22|115|113|200201|999912
22|116|114|200201|999912
22|125|135|200201|999912
22|126|135|200201|999912
22|127|135|200201|999912
22|128|135|200201|999912
22|129|135|200201|999912
22|130|135|200201|999912
22|131|135|200201|999912
22|132|135|200201|999912
22|435|956|200201|999912
22|781|818|200201|999912
22|822|832|200201|999912
23|101|721|200201|999912
23|102|722|200201|999912
23|103|717|200201|999912
23|104|718|200201|999912
23|105|723|200201|999912
23|106|724|200201|999912
23|107|719|200201|999912
23|108|720|200201|999912
23|109|162|200201|999912
23|110|163|200201|999912
23|111|152|200201|999912
23|112|259|200201|999912
23|113|166|200201|999912
23|114|167|200201|999912
23|115|164|200201|999912
23|116|165|200201|999912
23|125|172|200201|999912
23|126|257|200201|999912
23|127|171|200201|999912
23|128|258|200201|999912
23|129|172|200201|999912
23|130|257|200201|999912
23|131|171|200201|999912
23|132|258|200201|999912
23|461|723|200201|999912
23|822|955|200201|999912
24|101|172|200201|999912
24|102|257|200201|999912
24|103|171|200201|999912
24|104|258|200201|999912
24|105|172|200201|999912
24|106|257|200201|999912
24|107|171|200201|999912
24|108|258|200201|999912
24|109|241|200201|999912
24|110|241|200201|999912
24|115|241|200201|999912
24|116|241|200201|999912
24|125|172|200201|999912
24|126|257|200201|999912
24|127|171|200201|999912
24|128|258|200201|999912
24|129|172|200201|999912
24|130|257|200201|999912
24|131|171|200201|999912
24|132|258|200201|999912
24|435|257|200201|999912
24|822|950|200201|999912
25|101|756|200201|999912
25|102|757|200201|999912
25|103|756|200201|999912
25|104|757|200201|999912
25|105|758|200201|999912
25|106|759|200201|999912
25|107|758|200201|999912
25|108|759|200201|999912
25|109|768|200201|999912
25|110|769|200201|999912
25|111|768|200201|999912
25|112|769|200201|999912
25|113|770|200201|999912
25|114|771|200201|999912
25|115|770|200201|999912
25|116|771|200201|999912
25|125|772|200201|999912
25|126|773|200201|999912
25|127|772|200201|999912
25|128|773|200201|999912
25|129|774|200201|999912
25|130|775|200201|999912
25|131|774|200201|999912
25|132|775|200201|999912
26|101|760|200201|999912
26|102|761|200201|999912
26|103|760|200201|999912
26|104|761|200201|999912
26|105|762|200201|999912
26|106|763|200201|999912
26|107|762|200201|999912
26|108|763|200201|999912
26|109|768|200201|999912
26|110|769|200201|999912
26|111|768|200201|999912
26|112|769|200201|999912
26|113|770|200201|999912
26|114|771|200201|999912
26|115|770|200201|999912
26|116|771|200201|999912
26|125|774|200201|999912
26|126|775|200201|999912
26|127|774|200201|999912
26|128|775|200201|999912
26|129|774|200201|999912
26|130|775|200201|999912
26|131|774|200201|999912
26|132|775|200201|999912
27|101|965|200201|999912
27|102|966|200201|999912
27|103|965|200201|999912
27|104|966|200201|999912
27|105|967|200201|999912
27|106|968|200201|999912
27|107|967|200201|999912
27|108|968|200201|999912
27|109|957|200201|999912
27|110|958|200201|999912
27|111|957|200201|999912
27|112|958|200201|999912
27|113|961|200201|999912
27|114|962|200201|999912
27|115|961|200201|999912
27|116|962|200201|999912
27|125|772|200201|999912
27|126|773|200201|999912
27|127|772|200201|999912
27|128|773|200201|999912
27|129|774|200201|999912
27|130|775|200201|999912
27|131|774|200201|999912
27|132|775|200201|999912
28|101|959|200201|999912
28|102|960|200201|999912
28|103|959|200201|999912
28|104|960|200201|999912
28|105|963|200201|999912
28|106|964|200201|999912
28|107|963|200201|999912
28|108|964|200201|999912
28|109|957|200201|999912
28|110|958|200201|999912
28|111|957|200201|999912
28|112|958|200201|999912
28|113|961|200201|999912
28|114|962|200201|999912
28|115|961|200201|999912
28|116|962|200201|999912
28|125|774|200201|999912
28|126|775|200201|999912
28|127|774|200201|999912
28|128|775|200201|999912
28|129|774|200201|999912
28|130|775|200201|999912
28|131|774|200201|999912
28|132|775|200201|999912
29|101|158|200201|999912
29|102|159|200201|999912
29|103|158|200201|999912
29|104|159|200201|999912
29|105|160|200201|999912
29|106|161|200201|999912
29|107|160|200201|999912
29|108|161|200201|999912
29|109|152|200201|999912
29|110|259|200201|999912
29|111|152|200201|999912
29|112|259|200201|999912
29|113|166|200201|999912
29|114|167|200201|999912
29|115|166|200201|999912
29|116|167|200201|999912
29|125|138|200201|999912
29|126|139|200201|999912
29|127|138|200201|999912
29|128|139|200201|999912
29|129|171|200201|999912
29|130|258|200201|999912
29|131|171|200201|999912
29|132|258|200201|999912
30|101|154|200201|999912
30|102|155|200201|999912
30|103|154|200201|999912
30|104|155|200201|999912
30|105|156|200201|999912
30|106|157|200201|999912
30|107|156|200201|999912
30|108|157|200201|999912
30|109|162|200201|999912
30|110|163|200201|999912
30|111|162|200201|999912
30|112|163|200201|999912
30|113|164|200201|999912
30|114|165|200201|999912
30|115|164|200201|999912
30|116|165|200201|999912
30|125|136|200201|999912
30|126|137|200201|999912
30|127|136|200201|999912
30|128|137|200201|999912
30|129|172|200201|999912
30|130|257|200201|999912
30|131|172|200201|999912
30|132|257|200201|999912
30|822|796|200201|999912
31|101|172|200201|999912
31|102|257|200201|999912
31|103|171|200201|999912
31|104|258|200201|999912
31|105|172|200201|999912
31|106|257|200201|999912
31|107|171|200201|999912
31|108|258|200201|999912
31|109|241|200201|999912
31|110|241|200201|999912
31|115|241|200201|999912
31|116|241|200201|999912
31|125|172|200201|999912
31|126|257|200201|999912
31|127|171|200201|999912
31|128|258|200201|999912
31|129|172|200201|999912
31|130|257|200201|999912
31|131|172|200201|999912
31|132|257|200201|999912
31|481|172|200201|999912
31|822|950|200201|999912
32|101|717|200201|999912
32|102|718|200201|999912
32|103|717|200201|999912
32|104|718|200201|999912
32|105|719|200201|999912
32|106|720|200201|999912
32|107|719|200201|999912
32|108|720|200201|999912
32|109|152|200201|999912
32|110|259|200201|999912
32|111|152|200201|999912
32|112|259|200201|999912
32|113|166|200201|999912
32|114|167|200201|999912
32|115|166|200201|999912
32|116|167|200201|999912
32|125|171|200201|999912
32|126|258|200201|999912
32|127|171|200201|999912
32|128|258|200201|999912
32|129|171|200201|999912
32|130|258|200201|999912
32|131|171|200201|999912
32|132|258|200201|999912
32|822|954|200201|999912
33|101|162|200201|999912
33|102|163|200201|999912
33|103|152|200201|999912
33|104|259|200201|999912
33|105|164|200201|999912
33|106|165|200201|999912
33|107|166|200201|999912
33|108|167|200201|999912
33|109|162|200201|999912
33|110|163|200201|999912
33|111|152|200201|999912
33|112|259|200201|999912
33|113|166|200201|999912
33|114|167|200201|999912
33|115|164|200201|999912
33|116|165|200201|999912
33|125|241|200201|999912
33|126|241|200201|999912
33|129|241|200201|999912
33|130|241|200201|999912
33|822|830|200201|999912
34|101|152|200201|999912
34|102|259|200201|999912
34|103|152|200201|999912
34|104|259|200201|999912
34|105|166|200201|999912
34|106|167|200201|999912
34|107|166|200201|999912
34|108|167|200201|999912
34|109|152|200201|999912
34|110|259|200201|999912
34|111|152|200201|999912
34|112|259|200201|999912
34|113|166|200201|999912
34|114|167|200201|999912
34|115|166|200201|999912
34|116|167|200201|999912
34|435|496|200201|999912
34|822|165|200201|999912
35|101|971|200201|999912
35|102|972|200201|999912
35|103|973|200201|999912
35|104|974|200201|999912
35|105|971|200201|999912
35|106|972|200201|999912
35|107|973|200201|999912
35|108|974|200201|999912
35|109|975|200201|999912
35|110|975|200201|999912
35|111|976|200201|999912
35|112|976|200201|999912
35|113|976|200201|999912
35|114|976|200201|999912
35|115|975|200201|999912
35|116|975|200201|999912
35|125|971|200201|999912
35|126|972|200201|999912
35|127|973|200201|999912
35|128|974|200201|999912
35|129|971|200201|999912
35|130|972|200201|999912
35|131|973|200201|999912
35|132|974|200201|999912
35|781|798|200201|999912
35|822|855|200201|999912
36|101|225|200201|999912
36|102|225|200201|999912
36|103|225|200201|999912
36|104|225|200201|999912
36|105|225|200201|999912
36|106|225|200201|999912
36|107|225|200201|999912
36|108|225|200201|999912
36|109|225|200201|999912
36|110|225|200201|999912
36|111|225|200201|999912
36|112|225|200201|999912
36|113|225|200201|999912
36|114|225|200201|999912
36|115|225|200201|999912
36|116|225|200201|999912
36|125|225|200201|999912
36|126|225|200201|999912
36|127|225|200201|999912
36|128|225|200201|999912
36|129|225|200201|999912
36|130|225|200201|999912
36|131|225|200201|999912
36|132|225|200201|999912
36|1474|225|200201|999912
36|474|225|200201|999912
37|101|987|200201|999912
38|101|125|200201|999912
38|102|126|200201|999912
38|103|127|200201|999912
38|104|128|200201|999912
38|105|125|200201|999912
38|106|126|200201|999912
38|107|127|200201|999912
38|108|128|200201|999912
38|109|133|200201|999912
38|110|133|200201|999912
38|111|135|200201|999912
38|112|135|200201|999912
38|113|135|200201|999912
38|114|135|200201|999912
38|115|133|200201|999912
38|116|133|200201|999912
39|101|3101|200407|999912
39|102|3102|200407|999912
39|103|3103|200407|999912
39|104|3104|200407|999912
39|105|3105|200407|999912
39|106|3106|200407|999912
39|107|3107|200407|999912
39|108|3108|200407|999912
39|435|3435|200407|999912
39|481|3481|200407|999912
39|822|3822|200407|999912
40|101|2103|201010|999912
40|102|2104|201010|999912
40|103|2103|201010|999912
40|104|2104|201010|999912
40|105|2107|201010|999912
40|106|2108|201010|999912
40|107|2107|201010|999912
40|108|2108|201010|999912
41|101|133|200201|999912
41|105|133|200201|999912
42|101|239|200201|999912
42|102|1239|200201|999912
42|103|240|200201|999912
42|104|1240|200201|999912
42|105|261|200201|999912
42|106|262|200201|999912
42|107|263|200201|999912
42|108|264|200201|999912
42|109|239|200201|999912
42|110|1239|200201|999912
42|111|240|200201|999912
42|112|1240|200201|999912
42|113|263|200201|999912
42|114|264|200201|999912
42|115|261|200201|999912
42|116|262|200201|999912
